2015,03,13,02,35,01,11,52
2015,03,13,02,40,01,11,51
2015,03,13,02,45,01,11,52
2015,03,13,02,50,02,11,53
2015,03,13,02,55,02,11,53
2015,03,13,03,00,01,11,52
2015,03,13,03,05,01,11,52
2015,03,13,03,10,02,11,53
2015,03,13,03,15,02,11,53
2015,03,13,03,20,02,11,52
2015,03,13,03,25,02,11,53
2015,03,13,03,30,02,11,53
2015,03,13,03,35,02,11,52
2015,03,13,03,40,01,11,52
2015,03,13,03,45,02,11,52
2015,03,13,03,50,01,11,52
2015,03,13,03,55,02,11,53
2015,03,13,04,00,01,11,51
2015,03,13,04,05,01,11,53
2015,03,13,04,10,02,11,54
2015,03,13,04,15,02,11,53
2015,03,13,04,20,01,11,52
2015,03,13,04,25,02,11,52
2015,03,13,04,30,02,11,52
2015,03,13,04,35,02,11,53
2015,03,13,04,40,02,11,53
2015,03,13,04,45,02,11,53
2015,03,13,04,50,02,11,51
2015,03,13,04,55,02,11,52
2015,03,13,05,00,02,11,52
2015,03,13,05,05,02,11,54
2015,03,13,05,10,01,11,53
2015,03,13,05,15,02,11,53
2015,03,13,05,20,02,11,53
2015,03,13,05,25,02,11,53
2015,03,13,05,30,01,11,52
2015,03,13,05,35,02,11,52
2015,03,13,05,40,02,11,52
2015,03,13,05,45,02,11,52
2015,03,13,05,50,01,11,52
2015,03,13,05,55,02,11,52
2015,03,13,06,00,02,11,52
2015,03,13,06,05,02,11,52
2015,03,13,06,10,02,11,52
2015,03,13,06,15,02,11,53
2015,03,13,06,20,01,11,53
2015,03,13,06,25,02,11,51
2015,03,13,06,30,02,11,51
2015,03,13,06,35,02,11,52
2015,03,13,06,40,02,11,53
2015,03,13,06,45,02,11,51
2015,03,13,06,50,02,11,51
2015,03,13,06,55,02,11,51
2015,03,13,07,00,02,11,51
2015,03,13,07,05,02,11,52
2015,03,13,07,10,02,11,51
2015,03,13,07,15,01,11,52
2015,03,13,07,20,02,11,52
2015,03,13,07,25,01,11,51
2015,03,13,07,30,02,11,52
2015,03,13,07,35,02,11,53
2015,03,13,07,40,02,11,53
2015,03,13,07,45,02,11,52
2015,03,13,07,55,02,11,51
2015,03,13,08,00,02,11,52
2015,03,13,08,05,01,11,52
2015,03,13,08,10,02,11,52
2015,03,13,08,15,02,11,53
2015,03,13,08,20,02,11,53
2015,03,13,08,25,02,11,52
2015,03,13,08,30,02,11,53
2015,03,13,08,35,02,11,52
