2015,03,12,09,20,02,1a,100
2015,03,12,09,20,02,6d,50
2015,03,12,09,25,02,1a,100
2015,03,12,09,25,02,6d,50
2015,03,12,09,30,02,1a,100
2015,03,12,09,30,02,6d,50
2015,03,12,09,35,01,1a,50
2015,03,12,09,35,01,6d,50
2015,03,12,09,40,01,1a,100
2015,03,12,09,40,01,6d,50
2015,03,12,09,45,02,1a,50
2015,03,12,09,45,02,6d,50
2015,03,12,09,50,02,1a,50
2015,03,12,09,50,02,6d,10
2015,03,12,09,55,02,1a,50
2015,03,12,09,55,02,6d,50
2015,03,12,10,00,02,1a,50
2015,03,12,10,00,02,6d,50
2015,03,12,10,05,02,1a,50
2015,03,12,10,05,02,6d,50
2015,03,12,10,10,01,1a,50
2015,03,12,10,10,01,6d,50
2015,03,12,10,15,02,1a,10
2015,03,12,10,15,02,6d,50
2015,03,12,10,20,01,1a,50
2015,03,12,10,20,01,6d,50
2015,03,12,10,25,02,1a,10
2015,03,12,10,25,02,6d,10
2015,03,12,10,30,01,1a,50
2015,03,12,10,30,01,6d,50
2015,03,12,10,35,02,1a,50
2015,03,12,10,35,02,6d,10
2015,03,12,10,40,01,1a,50
2015,03,12,10,40,01,6d,50
2015,03,12,10,45,02,1a,10
2015,03,12,10,45,02,6d,50
2015,03,12,10,50,01,1a,10
2015,03,12,10,50,01,6d,50
2015,03,12,10,55,02,1a,50
2015,03,12,10,55,02,6d,50
2015,03,12,11,00,02,1a,50
2015,03,12,11,00,02,6d,50
2015,03,12,11,05,02,1a,50
2015,03,12,11,05,02,6d,50
2015,03,12,11,10,01,1a,50
2015,03,12,11,10,01,6d,50
2015,03,12,11,15,02,1a,50
2015,03,12,11,15,02,6d,50
2015,03,12,11,20,01,1a,10
2015,03,12,11,20,01,6d,50
2015,03,12,11,25,02,1a,50
2015,03,12,11,25,02,6d,50
2015,03,12,11,30,01,1a,50
2015,03,12,11,30,01,6d,50
2015,03,12,11,35,02,1a,10
2015,03,12,11,35,02,6d,50
2015,03,12,11,40,01,1a,50
2015,03,12,11,40,01,6d,10
2015,03,12,11,45,02,1a,10
2015,03,12,11,45,02,6d,10
2015,03,12,11,50,01,1a,50
2015,03,12,11,50,01,6d,50
2015,03,12,11,55,02,1a,50
2015,03,12,11,55,02,6d,10
2015,03,12,12,00,02,1a,10
2015,03,12,12,00,02,6d,50
2015,03,12,12,05,02,1a,50
2015,03,12,12,05,02,6d,50
2015,03,12,12,10,01,1a,10
2015,03,12,12,10,01,6d,50
2015,03,12,12,15,02,1a,50
2015,03,12,12,15,02,6d,10
2015,03,12,12,20,02,1a,50
2015,03,12,12,20,02,6d,50
2015,03,12,12,25,02,1a,10
2015,03,12,12,25,02,6d,50
2015,03,12,12,30,02,1a,50
2015,03,12,12,30,02,6d,10
2015,03,12,12,35,02,1a,50
