2015,03,12,09,20,02,6,61
2015,03,12,09,25,02,6,61
2015,03,12,09,30,02,6,61
2015,03,12,09,35,01,6,61
2015,03,12,09,40,01,6,61
2015,03,12,09,45,02,6,61
2015,03,12,09,50,02,6,61
2015,03,12,09,55,02,6,61
2015,03,12,10,00,02,6,61
2015,03,12,10,05,02,6,61
2015,03,12,10,10,01,6,61
2015,03,12,10,15,02,6,61
2015,03,12,10,20,01,6,61
2015,03,12,10,25,02,6,61
2015,03,12,10,30,01,6,61
2015,03,12,10,35,02,6,61
2015,03,12,10,40,01,6,61
2015,03,12,10,45,02,6,61
2015,03,12,10,50,01,6,61
2015,03,12,10,55,02,6,61
2015,03,12,11,00,02,6,61
2015,03,12,11,05,02,6,61
2015,03,12,11,10,01,6,61
2015,03,12,11,15,02,6,61
2015,03,12,11,20,01,6,61
2015,03,12,11,25,02,6,61
2015,03,12,11,30,01,6,61
2015,03,12,11,35,02,6,61
2015,03,12,11,40,01,6,61
2015,03,12,11,45,02,6,61
2015,03,12,11,50,01,6,61
2015,03,12,11,55,02,6,61
2015,03,12,12,00,02,6,61
2015,03,12,12,05,02,6,61
2015,03,12,12,10,01,6,61
2015,03,12,12,15,02,6,61
2015,03,12,12,20,02,6,61
2015,03,12,12,25,02,6,61
2015,03,12,12,30,02,6,61
2015,03,12,12,35,02,6,61
2015,03,12,12,40,02,6,61
2015,03,12,12,45,02,6,61
2015,03,12,12,50,01,6,61
2015,03,12,12,55,02,6,61
2015,03,12,13,00,02,6,61
2015,03,12,13,05,01,6,61
2015,03,12,13,10,02,6,61
2015,03,12,13,15,01,6,61
2015,03,12,13,20,01,6,61
2015,03,12,13,25,02,6,61
2015,03,12,13,30,02,6,61
2015,03,12,13,35,01,6,61
2015,03,12,13,40,02,6,61
2015,03,12,13,45,02,6,61
2015,03,12,13,50,02,6,61
2015,03,12,13,55,02,6,61
2015,03,12,14,00,02,6,61
2015,03,12,14,05,02,6,61
2015,03,12,14,10,02,6,61
2015,03,12,14,15,02,6,61
2015,03,12,14,20,01,6,61
2015,03,12,14,25,02,6,61
2015,03,12,14,30,01,6,61
2015,03,12,14,35,01,6,61
2015,03,12,14,40,02,6,61
2015,03,12,14,45,02,6,61
2015,03,12,14,50,01,6,61
2015,03,12,14,55,02,6,61
2015,03,12,15,00,01,6,61
2015,03,12,15,05,01,6,61
2015,03,12,15,10,01,6,61
2015,03,12,15,15,02,6,61
2015,03,12,15,20,02,6,61
2015,03,12,15,25,02,6,61
2015,03,12,15,30,02,6,61
2015,03,12,15,35,02,6,61
2015,03,12,15,40,01,6,61
2015,03,12,15,45,02,6,61
2015,03,12,15,50,01,6,61
2015,03,12,15,55,02,6,61
2015,03,12,16,00,02,6,61
2015,03,12,16,05,02,6,61
2015,03,12,16,10,01,6,61
2015,03,12,16,15,02,6,61
2015,03,12,16,20,01,6,61
2015,03,12,16,25,02,6,61
2015,03,12,16,30,02,6,61
2015,03,12,16,35,01,6,61
2015,03,12,16,40,01,6,61
2015,03,12,16,45,02,6,61
2015,03,12,16,50,02,6,61
2015,03,12,16,55,02,6,61
2015,03,12,17,00,02,6,61
2015,03,12,17,05,01,6,61
2015,03,12,17,10,01,6,61
2015,03,12,17,15,02,6,61
2015,03,12,17,20,01,6,61
2015,03,12,17,25,02,6,61
2015,03,12,17,30,02,6,61
2015,03,12,17,35,01,6,61
2015,03,12,17,40,01,6,61
2015,03,12,17,45,02,6,61
2015,03,12,17,50,01,6,61
2015,03,12,17,55,02,6,61
2015,03,12,18,00,02,6,61
2015,03,12,18,05,02,6,61
2015,03,12,18,10,01,6,61
2015,03,12,18,15,02,6,61
2015,03,12,18,20,01,6,61
2015,03,12,18,25,02,6,61
2015,03,12,18,30,02,6,61
2015,03,12,18,35,01,6,61
2015,03,12,18,40,02,6,61
2015,03,12,18,45,02,6,61
2015,03,12,18,50,01,6,61
2015,03,12,18,55,02,6,61
2015,03,12,19,00,02,6,61
2015,03,12,19,05,02,6,61
2015,03,12,19,10,01,6,61
2015,03,12,19,15,02,6,61
2015,03,12,19,20,01,6,61
2015,03,12,19,25,02,6,61
2015,03,12,19,30,02,6,61
2015,03,12,19,35,01,6,61
2015,03,12,19,40,01,6,61
2015,03,12,19,45,02,6,61
2015,03,12,19,50,02,6,61
2015,03,12,19,55,02,6,61
2015,03,12,20,00,02,6,61
2015,03,12,20,05,01,6,61
2015,03,12,20,10,01,6,61
2015,03,12,20,15,01,6,61
2015,03,12,20,20,01,6,61
2015,03,12,20,25,02,6,61
2015,03,12,20,30,01,6,61
2015,03,12,20,40,02,6,61
2015,03,12,20,45,02,6,61
2015,03,12,20,50,01,6,61
2015,03,12,20,55,02,6,61
2015,03,12,21,00,02,6,61
2015,03,12,21,05,02,6,61
2015,03,12,21,10,02,6,61
2015,03,12,21,15,02,6,61
2015,03,12,21,20,01,6,61
2015,03,12,21,25,02,6,61
2015,03,12,21,30,02,6,61
2015,03,12,21,35,02,6,61
2015,03,12,21,40,01,6,61
2015,03,12,21,45,02,6,61
2015,03,12,21,50,01,6,61
2015,03,12,21,55,02,6,61
2015,03,12,22,00,02,6,61
2015,03,12,22,05,01,6,61
2015,03,12,22,10,01,6,61
2015,03,12,22,15,02,6,61
2015,03,12,22,20,01,6,61
2015,03,12,22,25,02,6,61
2015,03,12,22,30,01,6,61
2015,03,12,22,35,01,6,61
2015,03,12,22,40,01,6,61
2015,03,12,22,45,02,6,61
2015,03,12,22,50,01,6,61
2015,03,12,22,55,02,6,61
2015,03,12,23,00,02,6,61
2015,03,12,23,05,01,6,61
2015,03,12,23,10,02,6,61
2015,03,12,23,15,02,6,61
2015,03,12,23,20,01,6,61
2015,03,12,23,25,02,6,61
2015,03,12,23,30,01,6,61
2015,03,12,23,35,02,6,61
2015,03,12,23,40,01,6,61
2015,03,12,23,45,02,6,61
2015,03,12,23,50,02,6,61
2015,03,12,23,55,02,6,61
2015,03,13,00,00,02,6,61
2015,03,13,00,05,01,6,61
2015,03,13,00,10,02,6,61
2015,03,13,00,15,01,6,61
2015,03,13,00,20,01,6,61
2015,03,13,00,25,02,6,61
2015,03,13,00,30,02,6,61
2015,03,13,00,35,02,6,61
2015,03,13,00,40,01,6,61
2015,03,13,00,45,02,6,61
2015,03,13,00,50,02,6,61
2015,03,13,00,55,02,6,61
2015,03,13,01,00,02,6,61
2015,03,13,01,05,01,6,61
2015,03,13,01,10,01,6,61
2015,03,13,01,15,02,6,61
2015,03,13,01,20,01,6,61
2015,03,13,01,25,02,6,61
2015,03,13,01,30,01,6,61
2015,03,13,01,35,02,6,61
2015,03,13,01,40,02,6,61
2015,03,13,01,45,02,6,61
2015,03,13,01,50,02,6,61
2015,03,13,01,55,02,6,61
2015,03,13,02,00,02,6,61
2015,03,13,02,05,02,6,61
2015,03,13,02,10,01,6,61
2015,03,13,02,15,01,6,61
2015,03,13,02,20,01,6,61
2015,03,13,02,25,02,6,61
2015,03,13,02,30,02,6,61
2015,03,13,02,35,01,6,61
2015,03,13,02,40,01,6,61
2015,03,13,02,45,01,6,61
2015,03,13,02,50,02,6,61
2015,03,13,02,55,02,6,61
2015,03,13,03,00,01,6,61
2015,03,13,03,05,01,6,61
2015,03,13,03,10,02,6,61
2015,03,13,03,15,02,6,61
2015,03,13,03,20,02,6,61
2015,03,13,03,25,02,6,61
2015,03,13,03,30,02,6,61
2015,03,13,03,35,02,6,61
2015,03,13,03,40,01,6,61
2015,03,13,03,45,02,6,61
2015,03,13,03,50,01,6,61
2015,03,13,03,55,02,6,61
2015,03,13,04,00,01,6,61
2015,03,13,04,05,01,6,61
2015,03,13,04,10,02,6,61
2015,03,13,04,15,02,6,61
2015,03,13,04,20,01,6,61
2015,03,13,04,25,02,6,61
2015,03,13,04,30,02,6,61
2015,03,13,04,35,02,6,61
2015,03,13,04,40,02,6,61
2015,03,13,04,45,02,6,61
2015,03,13,04,50,02,6,61
2015,03,13,04,55,02,6,61
2015,03,13,05,00,02,6,61
2015,03,13,05,05,02,6,61
2015,03,13,05,10,01,6,61
2015,03,13,05,15,02,6,61
2015,03,13,05,20,02,6,61
2015,03,13,05,25,02,6,61
2015,03,13,05,30,01,6,61
2015,03,13,05,35,02,6,61
2015,03,13,05,40,02,6,61
2015,03,13,05,45,02,6,61
2015,03,13,05,50,01,6,61
2015,03,13,05,55,02,6,61
2015,03,13,06,00,02,6,61
2015,03,13,06,05,02,6,61
2015,03,13,06,10,02,6,61
2015,03,13,06,15,02,6,61
2015,03,13,06,20,01,6,61
2015,03,13,06,25,02,6,61
2015,03,13,06,30,02,6,61
2015,03,13,06,35,02,6,61
2015,03,13,06,40,02,6,61
2015,03,13,06,45,02,6,61
2015,03,13,06,50,02,6,61
2015,03,13,06,55,02,6,61
2015,03,13,07,00,02,6,61
2015,03,13,07,05,02,6,61
2015,03,13,07,10,02,6,61
2015,03,13,07,15,01,6,61
2015,03,13,07,20,02,6,61
2015,03,13,07,25,01,6,61
2015,03,13,07,30,02,6,61
2015,03,13,07,35,02,6,61
2015,03,13,07,40,02,6,61
2015,03,13,07,45,02,6,61
2015,03,13,07,50,02,6,61
2015,03,13,07,55,02,6,61
2015,03,13,08,00,02,6,61
2015,03,13,08,05,01,6,61
2015,03,13,08,10,02,6,61
2015,03,13,08,15,02,6,61
2015,03,13,08,20,02,6,61
2015,03,13,08,25,02,6,61
2015,03,13,08,30,02,6,61
2015,03,13,08,35,02,6,61
2015,03,13,08,40,01,6,61
2015,03,13,08,45,02,6,61
2015,03,13,08,50,01,6,61
2015,03,13,08,55,02,6,61
2015,03,13,09,00,02,6,61
2015,03,13,09,05,02,6,61
2015,03,13,09,10,01,6,61
2015,03,13,09,15,02,6,61
2015,03,13,09,20,02,6,61
2015,03,13,09,25,02,6,61
2015,03,13,09,30,01,6,61
2015,03,13,09,35,01,6,61
2015,03,13,09,40,02,6,61
2015,03,13,09,45,01,6,61
2015,03,13,09,50,02,6,61
2015,03,13,09,55,02,6,61
2015,03,13,10,00,01,6,61
2015,03,13,10,05,01,6,61
2015,03,13,10,10,02,6,61
2015,03,13,10,15,02,6,61
2015,03,13,10,20,01,6,61
2015,03,13,10,25,02,6,61
2015,03,13,10,30,02,6,61
2015,03,13,10,35,02,6,61
2015,03,13,10,40,01,6,61
2015,03,13,10,45,01,6,61
2015,03,13,10,50,01,6,61
2015,03,13,10,55,02,6,61
2015,03,13,11,00,02,6,61
2015,03,13,11,05,02,6,61
2015,03,13,11,10,01,6,61
2015,03,13,11,15,02,6,61
2015,03,13,11,20,01,6,61
2015,03,13,11,25,02,6,61
2015,03,13,11,30,02,6,61
2015,03,13,11,35,01,6,61
2015,03,13,11,40,01,6,61
2015,03,13,11,45,01,6,61
2015,03,13,11,50,02,6,61
2015,03,13,11,55,02,6,61
2015,03,13,12,00,02,6,61
2015,03,13,12,05,02,6,61
2015,03,13,12,10,02,6,61
2015,03,13,12,15,02,6,61
2015,03,13,12,20,02,6,61
2015,03,13,12,25,02,6,61
2015,03,13,12,30,02,6,61
2015,03,13,12,35,01,6,61
2015,03,13,12,40,02,6,61
2015,03,13,12,45,02,6,61
2015,03,13,12,50,01,6,61
2015,03,13,12,55,02,6,61
2015,03,13,13,00,02,6,61
2015,03,13,13,05,01,6,61
2015,03,13,13,10,02,6,61
2015,03,13,13,15,02,6,61
2015,03,13,13,20,01,6,61
2015,03,13,13,25,02,6,61
2015,03,13,13,30,02,6,61
2015,03,13,13,35,02,6,61
2015,03,13,13,40,02,6,61
2015,03,13,13,45,02,6,61
2015,03,13,13,50,01,6,61
2015,03,13,13,55,02,6,61
2015,03,13,14,00,02,6,61
2015,03,13,14,05,01,6,61
2015,03,13,14,10,02,6,61
2015,03,13,14,15,01,6,61
2015,03,13,14,20,02,6,61
2015,03,13,14,25,02,6,61
2015,03,13,14,30,02,6,61
2015,03,13,14,35,01,6,61
2015,03,13,14,40,01,6,61
2015,03,13,14,45,01,6,61
2015,03,13,14,50,01,6,61
2015,03,13,14,55,02,6,61
2015,03,13,15,00,02,6,61
2015,03,13,15,05,02,6,61
2015,03,13,15,10,01,6,61
2015,03,13,15,15,02,6,61
2015,03,13,15,20,01,6,61
2015,03,13,15,25,02,6,61
2015,03,13,15,30,02,6,61
2015,03,13,15,35,02,6,61
2015,03,13,15,40,01,6,61
2015,03,13,15,45,02,6,61
2015,03,13,16,00,02,6,61
2015,03,13,16,15,02,6,61
2015,03,13,16,30,02,6,61
2015,03,13,16,45,02,6,61
2015,03,13,17,00,02,6,61
2015,03,13,17,15,01,6,61
